0 72
0 136
0 150
0 171
0 188
0 220
0 227
0 228
0 234
0 235
0 236
0 246
0 247
0 248
0 250
0 251
0 252
0 259
0 266
0 269
0 273
0 278
0 281
0 298
1 46
1 70
1 84
1 124
1 159
1 174
1 201
1 215
1 217
1 220
1 223
1 225
1 233
1 236
1 247
1 249
1 251
1 252
1 253
1 262
1 275
1 285
1 292
1 296
2 138
2 155
2 162
2 164
2 165
2 169
2 176
2 185
2 206
2 222
2 228
2 236
2 240
2 244
2 248
2 251
2 252
2 255
2 256
2 265
2 266
2 268
2 272
2 281
3 114
3 153
3 180
3 181
3 186
3 187
3 201
3 202
3 203
3 219
3 222
3 226
3 227
3 237
3 249
3 252
3 263
3 268
3 270
3 276
3 282
3 290
3 293
3 296
4 99
4 102
4 110
4 157
4 169
4 180
4 185
4 222
4 226
4 230
4 237
4 240
4 242
4 246
4 247
4 249
4 250
4 251
4 252
4 255
4 273
4 274
4 284
4 289
5 65
5 109
5 143
5 203
5 226
5 241
5 243
5 244
5 246
5 248
5 250
5 251
5 253
5 254
5 255
5 256
5 257
5 258
5 260
5 282
5 293
5 295
5 296
5 297
6 108
6 144
6 175
6 197
6 202
6 210
6 221
6 222
6 223
6 236
6 237
6 247
6 248
6 250
6 251
6 253
6 256
6 262
6 265
6 282
6 289
6 291
6 295
6 298
7 158
7 159
7 166
7 168
7 193
7 196
7 222
7 225
7 240
7 242
7 252
7 253
7 259
7 261
7 262
7 267
7 268
7 274
7 281
7 283
7 289
7 293
7 297
7 298
8 109
8 150
8 159
8 166
8 170
8 173
8 174
8 176
8 201
8 203
8 204
8 210
8 215
8 228
8 231
8 242
8 243
8 247
8 250
8 253
8 256
8 257
8 275
8 298
9 26
9 146
9 171
9 172
9 177
9 178
9 192
9 200
9 205
9 206
9 209
9 212
9 227
9 228
9 235
9 246
9 247
9 248
9 249
9 251
9 253
9 259
9 278
9 290
10 28
10 105
10 131
10 147
10 166
10 168
10 170
10 229
10 232
10 242
10 243
10 246
10 247
10 248
10 249
10 250
10 253
10 254
10 262
10 264
10 271
10 274
10 287
10 288
11 18
11 66
11 76
11 77
11 226
11 227
11 228
11 229
11 230
11 231
11 241
11 244
11 246
11 247
11 248
11 249
11 250
11 251
11 253
11 255
11 256
11 258
11 259
11 260
12 11
12 40
12 119
12 150
12 159
12 161
12 167
12 183
12 193
12 203
12 212
12 224
12 226
12 227
12 239
12 248
12 252
12 259
12 273
12 279
12 288
12 290
12 297
12 298
13 1
13 5
13 7
13 17
13 30
13 31
13 39
13 40
13 51
13 94
13 101
13 103
13 138
13 150
13 157
13 159
13 166
13 169
13 173
13 176
13 198
13 205
13 238
13 286
14 26
14 144
14 152
14 156
14 159
14 170
14 197
14 198
14 205
14 207
14 219
14 225
14 237
14 251
14 253
14 255
14 256
14 260
14 264
14 265
14 278
14 291
14 293
14 296
15 121
15 152
15 163
15 170
15 176
15 189
15 191
15 192
15 194
15 197
15 199
15 213
15 217
15 230
15 232
15 240
15 244
15 246
15 264
15 270
15 273
15 292
15 296
15 298
16 158
16 159
16 162
16 175
16 185
16 187
16 215
16 220
16 221
16 226
16 227
16 228
16 231
16 233
16 250
16 252
16 253
16 254
16 259
16 263
16 275
16 280
16 282
16 285
17 151
17 153
17 154
17 177
17 185
17 192
17 194
17 204
17 205
17 207
17 213
17 224
17 230
17 235
17 238
17 242
17 245
17 249
17 253
17 261
17 266
17 272
17 294
17 299
18 23
18 154
18 166
18 171
18 172
18 175
18 176
18 180
18 183
18 194
18 216
18 225
18 237
18 247
18 249
18 257
18 258
18 259
18 273
18 280
18 284
18 287
18 297
18 298
19 98
19 150
19 159
19 161
19 163
19 167
19 168
19 173
19 193
19 213
19 214
19 227
19 246
19 248
19 249
19 253
19 254
19 263
19 264
19 273
19 279
19 290
19 297
19 298
20 12
20 16
20 35
20 48
20 72
20 73
20 101
20 102
20 108
20 132
20 145
20 159
20 160
20 161
20 168
20 176
20 179
20 183
20 206
20 211
20 214
20 241
20 269
20 280
21 40
21 67
21 121
21 155
21 156
21 226
21 228
21 229
21 230
21 233
21 237
21 238
21 241
21 244
21 246
21 248
21 249
21 251
21 253
21 254
21 255
21 258
21 260
21 292
22 48
22 69
22 113
22 123
22 150
22 154
22 175
22 187
22 195
22 198
22 220
22 230
22 231
22 233
22 239
22 247
22 248
22 249
22 250
22 252
22 253
22 262
22 288
22 298
23 84
23 150
23 156
23 159
23 163
23 174
23 189
23 195
23 202
23 203
23 204
23 205
23 215
23 218
23 228
23 233
23 238
23 246
23 249
23 250
23 252
23 286
23 295
23 296
24 73
24 123
24 226
24 227
24 229
24 230
24 232
24 236
24 237
24 238
24 239
24 241
24 242
24 248
24 253
24 255
24 258
24 262
24 263
24 270
24 284
24 286
24 289
24 290
25 21
25 47
25 71
25 156
25 160
25 165
25 171
25 185
25 189
25 199
25 208
25 223
25 237
25 239
25 240
25 241
25 242
25 251
25 259
25 260
25 264
25 271
25 283
25 287
26 4
26 29
26 48
26 63
26 75
26 97
26 103
26 130
26 136
26 140
26 146
26 152
26 163
26 166
26 168
26 213
26 242
26 250
26 252
26 259
26 275
26 284
26 285
26 290
27 68
27 81
27 129
27 150
27 155
27 157
27 182
27 184
27 191
27 197
27 199
27 217
27 218
27 226
27 242
27 248
27 251
27 252
27 259
27 273
27 278
27 284
27 294
27 299
28 150
28 154
28 159
28 170
28 187
28 188
28 195
28 197
28 216
28 218
28 226
28 227
28 236
28 237
28 239
28 242
28 246
28 249
28 251
28 273
28 290
28 292
28 293
28 298
29 145
29 154
29 158
29 160
29 172
29 175
29 201
29 208
29 211
29 214
29 221
29 226
29 233
29 237
29 238
29 240
29 247
29 267
29 273
29 274
29 275
29 277
29 278
29 294
30 10
30 150
30 152
30 153
30 158
30 189
30 214
30 216
30 217
30 219
30 224
30 247
30 249
30 250
30 252
30 253
30 256
30 257
30 263
30 271
30 279
30 285
30 288
30 295
31 50
31 167
31 177
31 178
31 210
31 219
31 222
31 223
31 229
31 235
31 237
31 248
31 249
31 250
31 254
31 264
31 265
31 269
31 274
31 278
31 281
31 289
31 290
31 291
32 44
32 66
32 77
32 128
32 157
32 161
32 167
32 168
32 199
32 202
32 203
32 226
32 229
32 239
32 246
32 247
32 248
32 249
32 252
32 253
32 254
32 264
32 284
32 288
33 63
33 170
33 226
33 231
33 234
33 236
33 237
33 238
33 243
33 244
33 246
33 248
33 251
33 252
33 256
33 260
33 261
33 267
33 276
33 277
33 289
33 291
33 294
33 298
34 39
34 81
34 184
34 201
34 229
34 235
34 236
34 238
34 241
34 242
34 248
34 249
34 252
34 253
34 254
34 257
34 262
34 263
34 266
34 272
34 276
34 280
34 286
34 287
35 61
35 67
35 144
35 181
35 182
35 226
35 227
35 229
35 232
35 233
35 235
35 236
35 237
35 238
35 241
35 244
35 247
35 248
35 250
35 252
35 253
35 258
35 259
35 260
36 56
36 65
36 175
36 186
36 203
36 206
36 207
36 208
36 211
36 245
36 246
36 250
36 253
36 257
36 261
36 266
36 269
36 271
36 272
36 274
36 291
36 292
36 294
36 295
37 99
37 137
37 150
37 154
37 157
37 168
37 175
37 188
37 199
37 220
37 228
37 231
37 235
37 237
37 238
37 242
37 246
37 251
37 274
37 284
37 285
37 292
37 295
37 298
38 35
38 125
38 224
38 226
38 228
38 230
38 232
38 233
38 234
38 235
38 241
38 242
38 244
38 247
38 248
38 253
38 259
38 263
38 271
38 282
38 283
38 285
38 290
38 295
39 157
39 166
39 223
39 231
39 235
39 237
39 238
39 244
39 255
39 257
39 264
39 265
39 266
39 269
39 271
39 272
39 276
39 278
39 279
39 280
39 281
39 287
39 291
39 292
40 46
40 155
40 159
40 167
40 172
40 176
40 184
40 194
40 199
40 210
40 228
40 235
40 243
40 245
40 248
40 249
40 250
40 254
40 259
40 264
40 271
40 278
40 286
40 287
41 151
41 158
41 161
41 164
41 168
41 179
41 183
41 214
41 221
41 224
41 232
41 243
41 246
41 249
41 250
41 254
41 257
41 262
41 271
41 276
41 280
41 281
41 287
41 299
42 45
42 167
42 171
42 173
42 174
42 179
42 190
42 192
42 200
42 209
42 226
42 240
42 244
42 250
42 256
42 261
42 262
42 267
42 272
42 273
42 288
42 289
42 290
42 297
43 153
43 223
43 226
43 234
43 235
43 236
43 237
43 242
43 249
43 250
43 257
43 261
43 263
43 269
43 270
43 271
43 272
43 273
43 279
43 285
43 287
43 288
43 291
43 294
44 22
44 80
44 91
44 130
44 174
44 175
44 187
44 191
44 195
44 197
44 226
44 233
44 239
44 246
44 247
44 248
44 249
44 251
44 252
44 253
44 268
44 288
44 294
44 295
45 50
45 86
45 135
45 159
45 161
45 178
45 189
45 191
45 193
45 196
45 200
45 203
45 213
45 218
45 229
45 235
45 246
45 249
45 251
45 272
45 281
45 286
45 290
45 292
46 60
46 81
46 101
46 126
46 155
46 157
46 165
46 167
46 168
46 184
46 199
46 205
46 226
46 227
46 246
46 248
46 249
46 250
46 251
46 252
46 253
46 268
46 284
46 299
47 2
47 18
47 65
47 72
47 152
47 156
47 170
47 171
47 201
47 223
47 237
47 244
47 250
47 255
47 260
47 265
47 267
47 269
47 278
47 279
47 281
47 283
47 284
47 290
48 57
48 68
48 157
48 158
48 167
48 179
48 221
48 224
48 234
48 235
48 246
48 247
48 248
48 249
48 251
48 252
48 253
48 256
48 265
48 266
48 279
48 282
48 284
48 291
49 154
49 155
49 158
49 163
49 164
49 172
49 176
49 177
49 186
49 187
49 198
49 199
49 200
49 212
49 215
49 238
49 244
49 258
49 259
49 264
49 271
49 280
49 292
49 298
50 5
50 54
50 56
50 58
50 64
50 76
50 77
50 105
50 124
50 131
50 140
50 150
50 152
50 179
50 204
50 206
50 213
50 221
50 222
50 230
50 267
50 282
50 294
50 296
51 30
51 58
51 75
51 120
51 153
51 155
51 161
51 167
51 179
51 187
51 189
51 193
51 200
51 224
51 226
51 229
51 247
51 248
51 249
51 253
51 254
51 258
51 273
51 298
52 43
52 180
52 226
52 228
52 229
52 232
52 235
52 236
52 240
52 241
52 249
52 256
52 258
52 260
52 263
52 264
52 276
52 284
52 290
52 291
52 292
52 294
52 295
52 297
53 3
53 12
53 21
53 22
53 25
53 28
53 83
53 84
53 92
53 105
53 110
53 116
53 158
53 176
53 192
53 193
53 219
53 223
53 225
53 226
53 254
53 259
53 268
53 278
54 154
54 155
54 159
54 161
54 170
54 195
54 196
54 197
54 203
54 209
54 210
54 217
54 223
54 227
54 229
54 230
54 256
54 270
54 272
54 273
54 285
54 290
54 293
54 298
55 19
55 151
55 154
55 174
55 182
55 186
55 201
55 208
55 213
55 223
55 228
55 241
55 244
55 246
55 250
55 252
55 254
55 255
55 260
55 261
55 269
55 277
55 279
55 282
56 0
56 49
56 88
56 101
56 120
56 136
56 155
56 165
56 167
56 174
56 181
56 183
56 184
56 199
56 217
56 223
56 233
56 252
56 268
56 276
56 284
56 288
56 297
56 299
57 133
57 160
57 167
57 173
57 190
57 191
57 193
57 198
57 205
57 209
57 218
57 226
57 227
57 238
57 239
57 243
57 244
57 245
57 250
57 267
57 278
57 284
57 287
57 291
58 0
58 33
58 71
58 88
58 120
58 121
58 136
58 195
58 210
58 223
58 228
58 229
58 233
58 247
58 250
58 252
58 253
58 262
58 274
58 285
58 288
58 289
58 290
58 291
59 82
59 155
59 159
59 168
59 176
59 198
59 199
59 207
59 216
59 217
59 228
59 232
59 249
59 250
59 252
59 253
59 264
59 269
59 270
59 273
59 283
59 286
59 288
59 289
60 26
60 28
60 34
60 67
60 72
60 115
60 124
60 127
60 128
60 140
60 174
60 178
60 189
60 219
60 229
60 256
60 264
60 272
60 284
60 286
60 290
60 292
60 298
60 299
61 103
61 175
61 178
61 201
61 213
61 232
61 233
61 234
61 248
61 249
61 251
61 254
61 261
61 264
61 265
61 266
61 268
61 270
61 278
61 280
61 290
61 291
61 292
61 296
62 151
62 161
62 168
62 175
62 181
62 183
62 191
62 204
62 217
62 224
62 229
62 233
62 237
62 239
62 246
62 249
62 250
62 252
62 254
62 257
62 264
62 273
62 286
62 291
63 1
63 47
63 125
63 143
63 157
63 165
63 184
63 187
63 188
63 195
63 199
63 218
63 220
63 224
63 226
63 244
63 247
63 248
63 250
63 251
63 253
63 263
63 280
63 292
64 150
64 153
64 155
64 159
64 173
64 178
64 179
64 200
64 213
64 225
64 228
64 229
64 235
64 237
64 241
64 254
64 262
64 263
64 268
64 283
64 284
64 285
64 289
64 297
65 158
65 161
65 179
65 183
65 186
65 192
65 196
65 200
65 203
65 208
65 211
65 214
65 229
65 230
65 231
65 244
65 247
65 255
65 267
65 268
65 269
65 284
65 286
65 295
66 155
66 157
66 158
66 169
66 174
66 180
66 194
66 197
66 199
66 202
66 209
66 211
66 220
66 224
66 231
66 233
66 236
66 255
66 265
66 275
66 278
66 279
66 282
66 294
67 35
67 125
67 155
67 159
67 161
67 168
67 187
67 195
67 200
67 208
67 213
67 226
67 229
67 246
67 247
67 249
67 250
67 251
67 252
67 253
67 264
67 279
67 290
67 299
68 59
68 72
68 75
68 83
68 144
68 154
68 175
68 188
68 198
68 244
68 246
68 247
68 248
68 249
68 250
68 251
68 252
68 253
68 254
68 256
68 258
68 259
68 260
68 267
69 6
69 30
69 162
69 177
69 178
69 197
69 200
69 206
69 212
69 224
69 234
69 247
69 248
69 249
69 251
69 256
69 257
69 263
69 269
69 280
69 290
69 291
69 292
69 295
70 78
70 109
70 146
70 156
70 226
70 228
70 229
70 230
70 231
70 241
70 243
70 247
70 249
70 250
70 251
70 252
70 253
70 255
70 256
70 258
70 259
70 260
70 270
70 299
71 13
71 42
71 47
71 48
71 74
71 83
71 96
71 102
71 104
71 111
71 117
71 142
71 145
71 159
71 165
71 197
71 199
71 212
71 216
71 218
71 247
71 252
71 254
71 295
72 58
72 129
72 131
72 162
72 175
72 178
72 192
72 206
72 217
72 220
72 226
72 231
72 233
72 234
72 236
72 239
72 246
72 248
72 257
72 282
72 285
72 293
72 294
72 295
73 18
73 62
73 151
73 152
73 154
73 155
73 182
73 199
73 220
73 224
73 227
73 232
73 234
73 235
73 248
73 250
73 253
73 254
73 257
73 263
73 264
73 266
73 280
73 286
74 41
74 155
74 156
74 167
74 168
74 171
74 173
74 179
74 200
74 203
74 212
74 225
74 226
74 227
74 229
74 253
74 254
74 255
74 256
74 257
74 259
74 264
74 270
74 273
75 18
75 62
75 150
75 166
75 168
75 187
75 201
75 202
75 223
75 225
75 237
75 244
75 246
75 247
75 251
75 252
75 253
75 254
75 255
75 256
75 261
75 289
75 295
75 296
76 1
76 7
76 12
76 27
76 37
76 43
76 48
76 52
76 64
76 109
76 147
76 148
76 155
76 162
76 165
76 175
76 198
76 211
76 218
76 232
76 250
76 257
76 270
76 282
77 31
77 150
77 153
77 167
77 180
77 188
77 193
77 224
77 226
77 229
77 236
77 239
77 246
77 247
77 249
77 251
77 252
77 253
77 255
77 258
77 263
77 268
77 279
77 298
78 24
78 29
78 157
78 167
78 168
78 184
78 187
78 218
78 224
78 232
78 234
78 236
78 239
78 241
78 246
78 247
78 249
78 254
78 257
78 258
78 271
78 280
78 284
78 293
79 13
79 47
79 74
79 151
79 174
79 182
79 183
79 217
79 224
79 229
79 232
79 243
79 246
79 249
79 250
79 252
79 253
79 254
79 259
79 264
79 276
79 287
79 288
79 299
80 79
80 224
80 227
80 232
80 233
80 236
80 242
80 246
80 249
80 251
80 254
80 260
80 265
80 269
80 270
80 277
80 279
80 281
80 286
80 287
80 291
80 293
80 294
80 298
81 77
81 82
81 151
81 154
81 158
81 160
81 165
81 167
81 182
81 184
81 191
81 199
81 218
81 238
81 239
81 242
81 247
81 248
81 249
81 250
81 251
81 252
81 267
81 284
82 23
82 122
82 150
82 157
82 167
82 184
82 197
82 199
82 224
82 226
82 227
82 229
82 242
82 244
82 247
82 248
82 250
82 252
82 253
82 254
82 263
82 274
82 284
82 298
83 15
83 31
83 123
83 135
83 164
83 165
83 166
83 172
83 180
83 194
83 206
83 214
83 221
83 233
83 234
83 246
83 248
83 255
83 256
83 257
83 268
83 274
83 295
83 298
84 150
84 154
84 168
84 174
84 175
84 190
84 197
84 202
84 214
84 218
84 219
84 223
84 229
84 233
84 234
84 243
84 246
84 254
84 258
84 261
84 262
84 267
84 272
84 294
85 35
85 49
85 125
85 133
85 149
85 150
85 155
85 156
85 161
85 164
85 165
85 184
85 197
85 199
85 211
85 219
85 232
85 239
85 248
85 252
85 253
85 264
85 271
85 283
86 55
86 100
86 132
86 187
86 194
86 224
86 227
86 228
86 229
86 231
86 237
86 242
86 243
86 244
86 246
86 248
86 250
86 252
86 255
86 258
86 259
86 262
86 284
86 285
87 158
87 169
87 178
87 180
87 182
87 183
87 186
87 195
87 199
87 219
87 241
87 247
87 249
87 258
87 263
87 266
87 267
87 278
87 279
87 284
87 285
87 289
87 296
87 297
88 26
88 58
88 78
88 101
88 108
88 147
88 152
88 158
88 167
88 182
88 209
88 210
88 212
88 213
88 217
88 223
88 226
88 231
88 248
88 257
88 261
88 275
88 286
88 297
89 15
89 21
89 78
89 81
89 90
89 91
89 99
89 101
89 108
89 111
89 129
89 133
89 146
89 155
89 187
89 212
89 218
89 231
89 232
89 235
89 250
89 290
89 291
89 296
90 82
90 129
90 150
90 153
90 159
90 167
90 178
90 193
90 200
90 203
90 212
90 213
90 224
90 226
90 229
90 230
90 239
90 249
90 251
90 253
90 268
90 272
90 279
90 288
91 33
91 88
91 99
91 110
91 119
91 139
91 149
91 162
91 164
91 167
91 178
91 179
91 197
91 206
91 212
91 219
91 227
91 228
91 229
91 247
91 259
91 273
91 282
91 297
92 13
92 34
92 100
92 175
92 224
92 227
92 228
92 230
92 232
92 234
92 235
92 237
92 238
92 240
92 247
92 257
92 260
92 262
92 266
92 283
92 290
92 292
92 294
92 296
93 6
93 52
93 155
93 157
93 165
93 167
93 175
93 187
93 188
93 195
93 206
93 220
93 223
93 233
93 246
93 248
93 249
93 251
93 252
93 253
93 262
93 268
93 284
93 288
94 14
94 15
94 101
94 159
94 170
94 173
94 178
94 201
94 204
94 209
94 211
94 213
94 215
94 219
94 231
94 236
94 247
94 249
94 285
94 290
94 292
94 293
94 295
94 296
95 2
95 8
95 27
95 31
95 58
95 79
95 86
95 115
95 125
95 139
95 174
95 186
95 223
95 227
95 228
95 233
95 235
95 247
95 252
95 255
95 259
95 262
95 278
95 288
96 54
96 106
96 172
96 177
96 188
96 192
96 195
96 233
96 239
96 240
96 246
96 247
96 248
96 249
96 250
96 252
96 254
96 256
96 257
96 258
96 259
96 260
96 262
96 269
97 14
97 18
97 31
97 36
97 68
97 79
97 92
97 95
97 98
97 195
97 224
97 227
97 229
97 230
97 231
97 233
97 237
97 241
97 247
97 251
97 252
97 254
97 257
97 260
98 36
98 174
98 189
98 191
98 217
98 229
98 231
98 234
98 235
98 237
98 241
98 244
98 246
98 248
98 250
98 256
98 260
98 262
98 264
98 265
98 280
98 290
98 291
98 295
99 119
99 156
99 162
99 163
99 164
99 173
99 188
99 201
99 203
99 207
99 211
99 213
99 214
99 219
99 220
99 226
99 246
99 248
99 251
99 256
99 263
99 268
99 275
99 291
100 91
100 116
100 141
100 142
100 150
100 159
100 165
100 168
100 170
100 174
100 179
100 185
100 186
100 191
100 201
100 209
100 225
100 231
100 247
100 259
100 268
100 288
100 297
100 298
101 2
101 77
101 112
101 162
101 174
101 178
101 183
101 187
101 188
101 192
101 198
101 200
101 206
101 212
101 223
101 233
101 246
101 247
101 251
101 252
101 267
101 277
101 288
101 290
102 46
102 66
102 122
102 133
102 224
102 226
102 228
102 229
102 232
102 234
102 236
102 237
102 241
102 250
102 251
102 252
102 253
102 254
102 255
102 256
102 257
102 259
102 283
102 284
103 36
103 155
103 157
103 171
103 175
103 179
103 184
103 197
103 218
103 226
103 227
103 244
103 247
103 248
103 250
103 251
103 252
103 253
103 259
103 266
103 268
103 284
103 293
103 294
104 12
104 20
104 23
104 25
104 67
104 79
104 87
104 93
104 119
104 138
104 140
104 186
104 209
104 226
104 227
104 248
104 250
104 251
104 257
104 258
104 259
104 260
104 273
104 282
105 143
105 150
105 151
105 165
105 167
105 180
105 194
105 224
105 226
105 230
105 242
105 244
105 251
105 253
105 256
105 259
105 275
105 277
105 281
105 282
105 294
105 296
105 297
105 298
106 118
106 131
106 150
106 162
106 171
106 177
106 178
106 192
106 200
106 206
106 212
106 235
106 237
106 242
106 246
106 248
106 249
106 251
106 259
106 269
106 273
106 274
106 277
106 298
107 67
107 72
107 224
107 227
107 230
107 231
107 233
107 236
107 238
107 239
107 242
107 243
107 246
107 247
107 254
107 258
107 260
107 263
107 264
107 266
107 267
107 285
107 295
107 298
108 8
108 17
108 171
108 187
108 195
108 198
108 220
108 227
108 228
108 232
108 233
108 246
108 250
108 251
108 254
108 258
108 259
108 264
108 265
108 267
108 268
108 287
108 295
108 297
109 15
109 35
109 41
109 43
109 47
109 75
109 93
109 103
109 105
109 123
109 126
109 142
109 143
109 165
109 178
109 183
109 203
109 213
109 225
109 242
109 252
109 266
109 278
109 292
110 0
110 106
110 207
110 226
110 227
110 228
110 229
110 230
110 231
110 243
110 249
110 250
110 251
110 252
110 253
110 254
110 255
110 256
110 257
110 258
110 259
110 261
110 262
110 291
111 23
111 92
111 99
111 115
111 127
111 150
111 154
111 155
111 170
111 175
111 180
111 199
111 237
111 239
111 240
111 242
111 250
111 251
111 256
111 263
111 267
111 284
111 289
111 291
112 105
112 191
112 195
112 201
112 214
112 215
112 221
112 223
112 226
112 232
112 233
112 238
112 241
112 242
112 252
112 265
112 266
112 268
112 277
112 279
112 280
112 289
112 295
112 296
113 163
113 165
113 173
113 180
113 184
113 196
113 199
113 205
113 209
113 212
113 217
113 220
113 222
113 223
113 228
113 233
113 234
113 243
113 250
113 258
113 284
113 289
113 291
113 292
114 157
114 169
114 170
114 171
114 173
114 181
114 183
114 193
114 204
114 216
114 227
114 229
114 230
114 231
114 242
114 249
114 262
114 270
114 271
114 274
114 279
114 283
114 285
114 299
115 59
115 110
115 138
115 145
115 148
115 153
115 158
115 179
115 193
115 214
115 217
115 221
115 234
115 241
115 246
115 247
115 248
115 249
115 250
115 253
115 256
115 263
115 280
115 282
116 32
116 45
116 89
116 153
116 178
116 187
116 193
116 224
116 226
116 227
116 229
116 244
116 248
116 249
116 250
116 253
116 255
116 257
116 258
116 259
116 260
116 263
116 273
116 279
117 0
117 8
117 18
117 19
117 24
117 48
117 67
117 76
117 100
117 121
117 123
117 158
117 189
117 200
117 213
117 224
117 229
117 234
117 236
117 243
117 282
117 284
117 287
117 298
118 30
118 33
118 52
118 101
118 174
118 187
118 229
118 230
118 231
118 232
118 235
118 236
118 238
118 239
118 241
118 243
118 248
118 250
118 252
118 255
118 258
118 260
118 276
118 288
119 46
119 56
119 66
119 156
119 160
119 164
119 166
119 183
119 229
119 243
119 246
119 248
119 249
119 250
119 252
119 254
119 264
119 270
119 272
119 281
119 283
119 287
119 297
119 299
120 75
120 151
120 173
120 176
120 189
120 206
120 208
120 224
120 227
120 234
120 239
120 241
120 247
120 249
120 252
120 254
120 257
120 258
120 270
120 281
120 283
120 288
120 290
120 297
121 72
121 81
121 150
121 155
121 178
121 187
121 188
121 193
121 196
121 213
121 223
121 224
121 227
121 237
121 244
121 246
121 252
121 256
121 263
121 264
121 278
121 282
121 288
121 290
122 95
122 161
122 162
122 164
122 173
122 177
122 190
122 191
122 196
122 201
122 203
122 215
122 216
122 223
122 253
122 257
122 264
122 271
122 272
122 275
122 285
122 295
122 297
122 299
123 153
123 155
123 158
123 159
123 160
123 167
123 170
123 201
123 211
123 213
123 224
123 233
123 234
123 253
123 254
123 256
123 262
123 268
123 280
123 284
123 287
123 288
123 292
123 294
124 151
124 152
124 161
124 166
124 176
124 181
124 190
124 195
124 196
124 198
124 203
124 207
124 210
124 216
124 217
124 232
124 243
124 245
124 254
124 261
124 264
124 271
124 286
124 297
125 55
125 65
125 154
125 156
125 167
125 177
125 182
125 187
125 200
125 202
125 205
125 207
125 215
125 232
125 244
125 257
125 264
125 265
125 268
125 273
125 281
125 284
125 286
125 292
126 0
126 18
126 54
126 96
126 97
126 99
126 100
126 101
126 102
126 105
126 148
126 176
126 224
126 240
126 242
126 247
126 248
126 249
126 252
126 253
126 262
126 263
126 280
126 283
127 55
127 166
127 169
127 201
127 225
127 228
127 231
127 235
127 237
127 238
127 241
127 244
127 250
127 253
127 260
127 264
127 269
127 278
127 281
127 283
127 284
127 285
127 290
127 294
128 12
128 18
128 24
128 27
128 49
128 51
128 54
128 58
128 74
128 77
128 78
128 86
128 87
128 98
128 99
128 102
128 115
128 129
128 133
128 139
128 141
128 144
128 149
128 210
129 7
129 25
129 27
129 49
129 56
129 59
129 66
129 71
129 74
129 77
129 89
129 96
129 97
129 99
129 100
129 102
129 103
129 125
129 129
129 132
129 137
129 143
129 144
129 146
130 0
130 27
130 37
130 49
130 58
130 71
130 78
130 80
130 86
130 87
130 96
130 97
130 99
130 100
130 101
130 115
130 117
130 120
130 121
130 129
130 133
130 138
130 144
130 205
131 6
131 7
131 8
131 14
131 31
131 59
131 62
131 76
131 83
131 89
131 96
131 97
131 99
131 102
131 107
131 109
131 110
131 113
131 114
131 116
131 123
131 144
131 146
131 153
132 0
132 4
132 10
132 32
132 49
132 58
132 68
132 90
132 96
132 97
132 98
132 99
132 100
132 101
132 102
132 103
132 117
132 118
132 120
132 133
132 141
132 149
132 229
132 286
133 49
133 71
133 77
133 80
133 85
133 87
133 93
133 96
133 97
133 98
133 99
133 100
133 101
133 102
133 112
133 113
133 120
133 121
133 136
133 145
133 148
133 186
133 222
133 299
134 0
134 29
134 33
134 71
134 88
134 90
134 91
134 96
134 97
134 98
134 100
134 102
134 112
134 119
134 120
134 121
134 136
134 137
134 141
134 142
134 149
134 169
134 219
134 226
135 0
135 36
135 78
135 79
135 82
135 83
135 84
135 85
135 87
135 89
135 94
135 96
135 97
135 99
135 105
135 108
135 109
135 112
135 113
135 114
135 129
135 142
135 192
135 282
136 29
136 79
136 89
136 93
136 96
136 97
136 98
136 99
136 100
136 101
136 102
136 112
136 114
136 129
136 133
136 134
136 143
136 144
136 145
136 146
136 148
136 159
136 188
136 206
137 0
137 19
137 32
137 33
137 37
137 66
137 68
137 71
137 78
137 80
137 81
137 91
137 93
137 100
137 111
137 112
137 121
137 122
137 123
137 131
137 141
137 142
137 143
137 149
138 32
138 38
138 39
138 48
138 61
138 75
138 79
138 82
138 83
138 84
138 85
138 87
138 90
138 91
138 94
138 101
138 104
138 107
138 112
138 118
138 126
138 127
138 130
138 137
139 1
139 11
139 13
139 15
139 43
139 52
139 55
139 73
139 74
139 77
139 82
139 96
139 98
139 99
139 100
139 101
139 103
139 110
139 123
139 147
139 166
139 172
139 238
139 255
140 0
140 18
140 19
140 21
140 25
140 49
140 50
140 54
140 66
140 71
140 80
140 88
140 96
140 97
140 99
140 100
140 101
140 117
140 120
140 121
140 131
140 132
140 137
140 235
141 7
141 13
141 15
141 16
141 21
141 26
141 30
141 43
141 53
141 57
141 63
141 67
141 75
141 86
141 89
141 97
141 102
141 106
141 108
141 124
141 131
141 147
141 148
141 149
142 7
142 25
142 34
142 41
142 43
142 51
142 67
142 80
142 83
142 90
142 96
142 98
142 116
142 126
142 130
142 133
142 134
142 138
142 146
142 174
142 224
142 241
142 261
142 280
143 0
143 12
143 51
143 59
143 68
143 78
143 79
143 80
143 87
143 90
143 97
143 98
143 99
143 100
143 101
143 102
143 122
143 131
143 137
143 146
143 148
143 149
143 160
143 285
144 0
144 7
144 18
144 58
144 61
144 77
144 80
144 82
144 84
144 89
144 90
144 91
144 98
144 108
144 109
144 115
144 119
144 131
144 133
144 135
144 141
144 142
144 145
144 147
145 0
145 9
145 21
145 33
145 36
145 38
145 61
145 74
145 77
145 93
145 97
145 98
145 99
145 100
145 102
145 103
145 110
145 119
145 123
145 151
145 172
145 212
145 253
145 275
146 2
146 6
146 10
146 19
146 20
146 21
146 22
146 32
146 33
146 34
146 42
146 46
146 47
146 61
146 68
146 89
146 90
146 99
146 102
146 111
146 112
146 117
146 224
146 275
147 0
147 4
147 19
147 32
147 35
147 36
147 46
147 48
147 49
147 58
147 63
147 75
147 76
147 90
147 91
147 99
147 118
147 120
147 126
147 130
147 134
147 137
147 141
147 142
148 0
148 20
148 21
148 27
148 42
148 44
148 56
148 58
148 67
148 76
148 80
148 89
148 96
148 98
148 99
148 100
148 108
148 115
148 129
148 135
148 139
148 140
148 173
148 175
149 0
149 4
149 9
149 19
149 36
149 48
149 49
149 61
149 68
149 75
149 91
149 97
149 99
149 101
149 102
149 133
149 137
149 142
149 149
149 219
149 220
149 231
149 236
149 252
150 21
150 24
150 33
150 76
150 79
150 84
150 89
150 90
150 97
150 98
150 99
150 102
150 104
150 111
150 116
150 119
150 121
150 126
150 128
150 133
150 136
150 143
150 147
150 189
151 0
151 60
151 79
151 80
151 82
151 83
151 84
151 94
151 95
151 98
151 99
151 102
151 103
151 104
151 105
151 107
151 112
151 114
151 131
151 135
151 137
151 149
151 198
151 219
152 16
152 22
152 26
152 31
152 58
152 69
152 74
152 78
152 80
152 82
152 96
152 98
152 100
152 102
152 105
152 110
152 114
152 116
152 121
152 127
152 140
152 141
152 146
152 275
153 4
153 16
153 17
153 47
153 54
153 72
153 91
153 105
153 107
153 118
153 128
153 152
153 167
153 188
153 203
153 210
153 222
153 228
153 235
153 248
153 269
153 274
153 279
153 284
154 0
154 21
154 25
154 42
154 90
154 97
154 114
154 134
154 143
154 146
154 154
154 158
154 179
154 193
154 210
154 214
154 221
154 224
154 246
154 248
154 267
154 280
154 282
154 291
155 0
155 78
155 87
155 88
155 94
155 96
155 97
155 98
155 100
155 102
155 103
155 107
155 108
155 109
155 112
155 136
155 137
155 141
155 145
155 147
155 149
155 159
155 233
155 292
156 0
156 3
156 9
156 22
156 25
156 36
156 38
156 48
156 64
156 69
156 92
156 96
156 97
156 98
156 99
156 100
156 101
156 102
156 109
156 119
156 140
156 153
156 208
156 221
157 6
157 12
157 40
157 95
157 100
157 102
157 108
157 120
157 122
157 128
157 141
157 163
157 169
157 170
157 176
157 196
157 197
157 200
157 238
157 249
157 258
157 266
157 273
157 281
158 0
158 27
158 38
158 86
158 97
158 98
158 99
158 100
158 103
158 104
158 105
158 107
158 108
158 109
158 110
158 115
158 125
158 129
158 139
158 144
158 162
158 217
158 260
158 299
159 23
159 32
159 33
159 49
159 58
159 61
159 68
159 71
159 75
159 84
159 96
159 98
159 99
159 101
159 102
159 120
159 133
159 136
159 141
159 142
159 149
159 176
159 217
159 283
160 0
160 2
160 4
160 29
160 31
160 32
160 34
160 77
160 82
160 86
160 91
160 101
160 104
160 108
160 111
160 112
160 114
160 116
160 119
160 122
160 124
160 125
160 137
160 138
161 0
161 7
161 27
161 30
161 37
161 40
161 59
161 86
161 90
161 96
161 97
161 98
161 99
161 100
161 102
161 118
161 126
161 134
161 143
161 144
161 146
161 168
161 182
161 205
162 0
162 19
162 25
162 27
162 28
162 42
162 56
162 58
162 67
162 70
162 86
162 96
162 97
162 98
162 99
162 100
162 102
162 121
162 124
162 125
162 137
162 139
162 182
162 202
163 23
163 25
163 27
163 35
163 44
163 90
163 93
163 95
163 96
163 107
163 113
163 119
163 123
163 131
163 142
163 155
163 157
163 210
163 236
163 246
163 286
163 293
163 294
163 298
164 4
164 59
164 66
164 69
164 74
164 77
164 80
164 99
164 103
164 108
164 110
164 112
164 144
164 184
164 206
164 213
164 215
164 234
164 238
164 240
164 248
164 281
164 292
164 293
165 7
165 9
165 36
165 37
165 49
165 70
165 90
165 109
165 131
165 134
165 138
165 140
165 143
165 146
165 148
165 154
165 175
165 186
165 187
165 220
165 239
165 246
165 251
165 263
166 0
166 22
166 32
166 33
166 49
166 87
166 88
166 97
166 98
166 100
166 109
166 114
166 118
166 119
166 120
166 140
166 141
166 142
166 149
166 187
166 217
166 224
166 253
166 289
167 35
167 40
167 46
167 57
167 61
167 68
167 90
167 91
167 92
167 98
167 100
167 101
167 118
167 120
167 126
167 130
167 133
167 137
167 141
167 142
167 149
167 152
167 237
167 288
168 0
168 1
168 3
168 7
168 37
168 71
168 90
168 97
168 98
168 117
168 120
168 121
168 123
168 134
168 141
168 142
168 143
168 146
168 148
168 149
168 171
168 200
168 256
168 294
169 16
169 17
169 19
169 20
169 25
169 28
169 33
169 49
169 74
169 80
169 81
169 86
169 89
169 104
169 105
169 113
169 118
169 119
169 134
169 141
169 144
169 171
169 200
169 279
170 0
170 1
170 2
170 5
170 8
170 17
170 19
170 26
170 30
170 46
170 55
170 62
170 81
170 85
170 87
170 96
170 112
170 114
170 115
170 119
170 131
170 138
170 139
170 283
171 0
171 77
171 80
171 81
171 84
171 85
171 88
171 89
171 91
171 93
171 95
171 97
171 99
171 101
171 102
171 105
171 106
171 109
171 122
171 129
171 142
171 164
171 219
171 251
172 0
172 49
172 72
172 80
172 87
172 88
172 98
172 99
172 100
172 101
172 102
172 106
172 117
172 120
172 121
172 128
172 131
172 133
172 138
172 141
172 142
172 164
172 224
172 292
173 0
173 13
173 15
173 22
173 29
173 43
173 52
173 57
173 73
173 74
173 77
173 99
173 100
173 101
173 102
173 103
173 110
173 123
173 130
173 146
173 147
173 159
173 183
173 201
174 0
174 4
174 9
174 19
174 32
174 35
174 36
174 48
174 57
174 90
174 96
174 97
174 98
174 99
174 101
174 102
174 118
174 120
174 130
174 133
174 134
174 141
174 154
174 169
175 4
175 10
175 16
175 20
175 21
175 27
175 30
175 32
175 76
175 81
175 97
175 98
175 99
175 100
175 102
175 103
175 120
175 121
175 124
175 125
175 132
175 137
175 149
175 275
176 0
176 58
176 90
176 91
176 92
176 97
176 98
176 99
176 100
176 102
176 118
176 120
176 126
176 130
176 133
176 134
176 137
176 141
176 142
176 143
176 149
176 178
176 239
176 275
177 0
177 4
177 9
177 10
177 32
177 35
177 36
177 39
177 48
177 49
177 61
177 63
177 75
177 91
177 96
177 99
177 101
177 113
177 137
177 142
177 149
177 166
177 210
177 232
178 0
178 27
178 42
178 44
178 67
178 81
178 83
178 86
178 96
178 97
178 98
178 100
178 101
178 102
178 115
178 125
178 129
178 144
178 160
178 189
178 207
178 208
178 261
178 273
179 9
179 27
179 49
179 58
179 73
179 80
179 86
179 96
179 97
179 98
179 99
179 100
179 102
179 115
179 117
179 120
179 125
179 129
179 131
179 133
179 138
179 139
179 148
179 290
180 72
180 78
180 80
180 81
180 89
180 90
180 91
180 93
180 96
180 101
180 103
180 104
180 105
180 106
180 107
180 108
180 110
180 112
180 113
180 129
180 142
180 202
180 278
180 281
181 2
181 8
181 12
181 20
181 27
181 56
181 58
181 67
181 80
181 86
181 89
181 94
181 97
181 99
181 100
181 101
181 106
181 129
181 138
181 142
181 144
181 148
181 217
181 275
182 0
182 3
182 34
182 36
182 38
182 48
182 64
182 82
182 83
182 96
182 97
182 98
182 99
182 100
182 101
182 102
182 109
182 111
182 119
182 130
182 153
182 157
182 160
182 236
183 1
183 4
183 13
183 19
183 25
183 44
183 52
183 60
183 63
183 69
183 79
183 83
183 90
183 92
183 105
183 118
183 122
183 123
183 126
183 137
183 141
183 143
183 149
183 182
184 0
184 3
184 14
184 38
184 55
184 66
184 70
184 72
184 93
184 98
184 101
184 107
184 109
184 116
184 119
184 122
184 124
184 127
184 137
184 144
184 147
184 149
184 237
184 254
185 8
185 11
185 13
185 27
185 43
185 75
185 96
185 97
185 99
185 101
185 102
185 104
185 108
185 120
185 128
185 131
185 137
185 142
185 146
185 149
185 208
185 210
185 241
185 275
186 0
186 25
186 37
186 40
186 47
186 54
186 59
186 66
186 90
186 96
186 98
186 99
186 101
186 102
186 122
186 126
186 133
186 134
186 143
186 146
186 163
186 224
186 241
186 283
187 0
187 44
187 49
187 59
187 71
187 86
187 90
187 96
187 97
187 99
187 100
187 101
187 102
187 104
187 105
187 106
187 110
187 118
187 126
187 134
187 136
187 146
187 261
187 295
188 0
188 20
188 27
188 58
188 74
188 77
188 78
188 80
188 90
188 97
188 98
188 99
188 102
188 110
188 115
188 117
188 125
188 126
188 129
188 131
188 138
188 139
188 146
188 292
189 9
189 25
189 34
189 36
189 37
189 49
189 59
189 74
189 80
189 86
189 88
189 90
189 96
189 99
189 101
189 121
189 122
189 123
189 126
189 132
189 137
189 139
189 143
189 202
190 78
190 79
190 81
190 84
190 85
190 86
190 88
190 95
190 96
190 97
190 100
190 101
190 102
190 103
190 105
190 108
190 123
190 129
190 139
190 142
190 144
190 147
190 189
190 287
191 0
191 8
191 16
191 26
191 47
191 53
191 63
191 84
191 96
191 97
191 98
191 99
191 100
191 101
191 102
191 104
191 105
191 116
191 147
191 157
191 165
191 236
191 263
191 299
192 10
192 20
192 24
192 30
192 32
192 35
192 36
192 46
192 49
192 50
192 58
192 70
192 75
192 76
192 92
192 101
192 102
192 110
192 119
192 126
192 134
192 142
192 162
192 174
193 3
193 7
193 13
193 15
193 55
193 58
193 59
193 90
193 96
193 110
193 115
193 119
193 123
193 125
193 126
193 129
193 134
193 139
193 140
193 143
193 144
193 146
193 171
193 262
194 0
194 1
194 20
194 77
194 80
194 82
194 84
194 86
194 88
194 99
194 100
194 101
194 104
194 105
194 110
194 120
194 121
194 123
194 129
194 131
194 139
194 144
194 147
194 148
195 0
195 42
195 77
195 79
195 80
195 84
195 85
195 86
195 87
195 88
195 94
195 95
195 96
195 97
195 98
195 99
195 100
195 101
195 103
195 107
195 108
195 127
195 150
195 283
196 3
196 5
196 15
196 21
196 35
196 39
196 40
196 51
196 56
196 58
196 64
196 80
196 82
196 85
196 87
196 90
196 91
196 103
196 113
196 125
196 135
196 138
196 145
196 149
197 3
197 19
197 21
197 66
197 70
197 77
197 80
197 95
197 96
197 97
197 101
197 102
197 106
197 108
197 110
197 111
197 113
197 117
197 124
197 131
197 137
197 138
197 166
197 171
198 0
198 1
198 8
198 58
198 62
198 74
198 77
198 86
198 97
198 98
198 99
198 100
198 103
198 104
198 106
198 107
198 109
198 123
198 125
198 129
198 139
198 144
198 271
198 274
199 2
199 5
199 8
199 23
199 24
199 25
199 30
199 33
199 45
199 62
199 79
199 80
199 87
199 91
199 95
199 97
199 104
199 117
199 120
199 131
199 137
199 141
199 146
199 148
200 9
200 21
200 32
200 35
200 40
200 49
200 61
200 68
200 83
200 90
200 91
200 94
200 97
200 98
200 99
200 100
200 101
200 102
200 120
200 122
200 132
200 143
200 146
200 276
201 2
201 6
201 7
201 10
201 14
201 21
201 25
201 30
201 31
201 35
201 36
201 73
201 77
201 80
201 85
201 88
201 91
201 96
201 99
201 108
201 121
201 134
201 135
201 140
202 8
202 20
202 21
202 25
202 26
202 75
202 76
202 79
202 84
202 88
202 96
202 97
202 99
202 102
202 120
202 124
202 127
202 132
202 134
202 135
202 137
202 146
202 182
202 291
203 65
203 81
203 82
203 83
203 84
203 86
203 90
203 91
203 98
203 99
203 100
203 102
203 114
203 129
203 137
203 138
203 142
203 143
203 145
203 146
203 147
203 148
203 149
203 196
204 1
204 9
204 10
204 24
204 26
204 30
204 47
204 48
204 50
204 59
204 66
204 70
204 84
204 88
204 90
204 100
204 101
204 110
204 118
204 130
204 133
204 141
204 142
204 147
205 0
205 3
205 4
205 5
205 11
205 29
205 38
205 104
205 118
205 121
205 130
205 170
205 181
205 198
205 211
205 230
205 231
205 240
205 250
205 252
205 258
205 262
205 267
205 290
206 10
206 32
206 43
206 45
206 58
206 62
206 68
206 73
206 77
206 79
206 86
206 96
206 97
206 99
206 100
206 102
206 106
206 114
206 115
206 123
206 129
206 131
206 138
206 144
207 6
207 16
207 20
207 24
207 33
207 42
207 44
207 45
207 57
207 61
207 68
207 72
207 97
207 105
207 117
207 127
207 135
207 137
207 141
207 143
207 144
207 146
207 147
207 243
208 1
208 5
208 9
208 10
208 37
208 38
208 54
208 57
208 60
208 61
208 74
208 97
208 99
208 100
208 101
208 114
208 118
208 120
208 126
208 129
208 134
208 142
208 149
208 237
209 11
209 20
209 26
209 28
209 29
209 30
209 82
209 83
209 85
209 86
209 88
209 96
209 98
209 99
209 101
209 102
209 103
209 104
209 105
209 107
209 110
209 128
209 137
209 141
210 8
210 49
210 62
210 71
210 81
210 82
210 84
210 89
210 94
210 95
210 99
210 100
210 101
210 102
210 104
210 106
210 108
210 111
210 113
210 114
210 116
210 120
210 121
210 129
211 0
211 3
211 18
211 25
211 27
211 71
211 78
211 86
211 97
211 98
211 99
211 100
211 101
211 102
211 115
211 125
211 129
211 137
211 139
211 144
211 178
211 187
211 210
211 251
212 0
212 4
212 16
212 18
212 24
212 33
212 34
212 71
212 83
212 88
212 94
212 95
212 99
212 102
212 103
212 107
212 118
212 123
212 133
212 136
212 138
212 141
212 149
212 162
213 1
213 2
213 8
213 11
213 15
213 27
213 37
213 71
213 74
213 77
213 79
213 92
213 99
213 103
213 123
213 140
213 148
213 157
213 178
213 237
213 244
213 248
213 254
213 271
214 5
214 7
214 12
214 17
214 29
214 42
214 45
214 56
214 65
214 72
214 77
214 78
214 84
214 97
214 99
214 100
214 103
214 108
214 109
214 115
214 122
214 132
214 133
214 147
215 31
215 35
215 67
215 74
215 76
215 79
215 80
215 84
215 95
215 96
215 100
215 106
215 110
215 112
215 122
215 124
215 129
215 131
215 133
215 137
215 141
215 142
215 146
215 148
216 1
216 3
216 4
216 5
216 6
216 7
216 8
216 27
216 42
216 44
216 76
216 79
216 96
216 101
216 113
216 120
216 121
216 125
216 128
216 130
216 136
216 137
216 140
216 144
217 3
217 6
217 24
217 25
217 34
217 39
217 41
217 42
217 48
217 51
217 59
217 82
217 92
217 99
217 102
217 106
217 108
217 112
217 114
217 125
217 129
217 136
217 138
217 171
218 14
218 72
218 77
218 78
218 79
218 81
218 82
218 84
218 86
218 89
218 94
218 95
218 96
218 98
218 106
218 109
218 114
218 116
218 117
218 138
218 142
218 148
218 247
218 292
219 4
219 9
219 10
219 14
219 25
219 35
219 71
219 75
219 79
219 82
219 83
219 86
219 93
219 96
219 97
219 100
219 104
219 105
219 107
219 113
219 118
219 132
219 134
219 142
220 16
220 20
220 21
220 49
220 66
220 68
220 71
220 87
220 89
220 92
220 97
220 100
220 105
220 108
220 122
220 136
220 142
220 147
220 149
220 184
220 219
220 224
220 246
220 267
221 4
221 5
221 38
221 52
221 59
221 68
221 71
221 80
221 83
221 88
221 91
221 93
221 105
221 110
221 112
221 120
221 121
221 122
221 136
221 165
221 199
221 236
221 256
221 284
222 0
222 74
222 77
222 79
222 83
222 84
222 86
222 88
222 94
222 97
222 98
222 100
222 101
222 102
222 103
222 105
222 108
222 111
222 125
222 130
222 136
222 141
222 147
222 253
223 27
223 39
223 41
223 71
223 74
223 75
223 77
223 80
223 86
223 90
223 106
223 107
223 109
223 110
223 111
223 115
223 125
223 126
223 139
223 143
223 220
223 228
223 233
223 272
224 0
224 21
224 27
224 60
224 61
224 66
224 70
224 71
224 88
224 94
224 97
224 98
224 100
224 101
224 102
224 122
224 124
224 125
224 132
224 136
224 137
224 139
224 142
224 144
225 0
225 41
225 54
225 65
225 86
225 87
225 90
225 91
225 96
225 97
225 107
225 137
225 141
225 142
225 147
225 162
225 177
225 184
225 213
225 236
225 238
225 245
225 247
225 262
226 53
226 60
226 71
226 82
226 93
226 103
226 104
226 105
226 107
226 109
226 132
226 145
226 154
226 172
226 181
226 188
226 208
226 214
226 246
226 257
226 261
226 267
226 288
226 298
227 0
227 79
227 81
227 82
227 84
227 85
227 86
227 87
227 88
227 96
227 97
227 104
227 106
227 107
227 111
227 114
227 125
227 126
227 129
227 142
227 143
227 145
227 176
227 185
228 0
228 8
228 27
228 71
228 77
228 78
228 80
228 86
228 88
228 97
228 100
228 103
228 107
228 110
228 117
228 125
228 129
228 131
228 133
228 138
228 139
228 144
228 148
228 253
229 0
229 7
229 49
229 61
229 71
229 87
229 88
229 96
229 97
229 98
229 99
229 100
229 101
229 106
229 114
229 120
229 121
229 136
229 142
229 143
229 149
229 156
229 203
229 206
230 0
230 9
230 49
230 71
230 78
230 79
230 80
230 84
230 88
230 96
230 98
230 99
230 100
230 101
230 104
230 107
230 111
230 113
230 120
230 136
230 138
230 206
230 268
230 286
231 22
231 28
231 36
231 92
231 93
231 94
231 95
231 97
231 98
231 101
231 113
231 115
231 119
231 129
231 130
231 131
231 138
231 139
231 140
231 141
231 149
231 181
231 273
231 275
232 4
232 8
232 18
232 27
232 30
232 49
232 74
232 76
232 81
232 83
232 87
232 88
232 89
232 90
232 95
232 96
232 98
232 100
232 102
232 108
232 109
232 115
232 127
232 141
233 4
233 24
233 25
233 42
233 46
233 53
233 59
233 68
233 70
233 79
233 85
233 90
233 106
233 118
233 133
233 139
233 181
233 186
233 206
233 214
233 226
233 286
233 289
233 294
234 21
234 77
234 85
234 86
234 92
234 99
234 102
234 105
234 107
234 108
234 110
234 113
234 118
234 119
234 120
234 125
234 126
234 129
234 134
234 139
234 145
234 146
234 259
234 265
235 5
235 51
235 71
235 80
235 85
235 87
235 88
235 91
235 96
235 97
235 102
235 106
235 107
235 112
235 114
235 117
235 121
235 133
235 141
235 144
235 147
235 148
235 279
235 288
236 0
236 69
236 78
236 80
236 83
236 94
236 95
236 96
236 97
236 98
236 99
236 100
236 111
236 113
236 182
236 189
236 215
236 246
236 247
236 248
236 249
236 250
236 251
236 253
237 0
237 8
237 21
237 25
237 26
237 31
237 66
237 84
237 96
237 98
237 99
237 100
237 101
237 102
237 104
237 105
237 116
237 122
237 132
237 143
237 145
237 147
237 192
237 276
238 15
238 17
238 30
238 38
238 56
238 58
238 59
238 71
238 102
238 112
238 124
238 156
238 158
238 159
238 160
238 165
238 181
238 188
238 218
238 235
238 254
238 258
238 264
238 266
239 23
239 29
239 36
239 79
239 85
239 89
239 90
239 110
239 113
239 116
239 117
239 118
239 120
239 121
239 122
239 124
239 131
239 133
239 134
239 136
239 142
239 145
239 149
239 272
240 0
240 1
240 26
240 30
240 38
240 47
240 50
240 55
240 59
240 70
240 76
240 84
240 85
240 88
240 96
240 97
240 99
240 101
240 102
240 110
240 119
240 126
240 139
240 172
241 0
241 11
241 13
241 21
241 25
241 31
241 43
241 52
241 55
241 61
241 68
241 73
241 77
241 96
241 97
241 99
241 101
241 103
241 105
241 122
241 123
241 124
241 137
241 208
242 0
242 6
242 12
242 17
242 20
242 24
242 29
242 34
242 49
242 54
242 76
242 80
242 89
242 92
242 98
242 102
242 105
242 112
242 116
242 127
242 133
242 135
242 138
242 148
243 0
243 7
243 37
243 78
243 90
243 96
243 97
243 98
243 102
243 120
243 121
243 126
243 131
243 133
243 134
243 136
243 138
243 143
243 146
243 156
243 168
243 171
243 223
243 248
244 0
244 49
244 63
244 90
244 91
244 92
244 96
244 99
244 101
244 102
244 120
244 126
244 130
244 133
244 134
244 137
244 141
244 142
244 149
244 162
244 184
244 215
244 249
244 266
245 0
245 81
245 83
245 85
245 87
245 88
245 94
245 95
245 96
245 97
245 98
245 99
245 101
245 103
245 104
245 105
245 108
245 109
245 110
245 111
245 115
245 146
245 185
245 288
246 4
246 9
246 24
246 26
246 30
246 47
246 49
246 50
246 52
246 59
246 68
246 70
246 76
246 78
246 92
246 102
246 110
246 117
246 119
246 120
246 133
246 134
246 139
246 148
247 0
247 1
247 21
247 29
247 49
247 66
247 74
247 76
247 77
247 88
247 92
247 97
247 98
247 99
247 100
247 108
247 110
247 121
247 122
247 124
247 136
247 137
247 263
247 283
248 2
248 4
248 8
248 13
248 20
248 25
248 28
248 61
248 62
248 69
248 77
248 79
248 81
248 94
248 102
248 103
248 109
248 125
248 129
248 130
248 132
248 146
248 149
248 165
249 0
249 1
249 11
249 13
249 27
249 34
249 35
249 43
249 55
249 58
249 73
249 74
249 77
249 98
249 99
249 100
249 103
249 110
249 128
249 129
249 139
249 144
249 214
249 232
250 79
250 80
250 87
250 95
250 96
250 101
250 102
250 107
250 111
250 118
250 119
250 121
250 122
250 124
250 125
250 131
250 132
250 136
250 139
250 142
250 144
250 148
250 149
250 180
251 11
251 12
251 13
251 31
251 40
251 43
251 49
251 52
251 54
251 58
251 59
251 61
251 77
251 78
251 92
251 110
251 121
251 123
251 135
251 138
251 146
251 148
251 209
251 245
252 0
252 78
252 79
252 81
252 87
252 88
252 91
252 94
252 95
252 97
252 100
252 108
252 110
252 113
252 114
252 120
252 123
252 126
252 135
252 136
252 138
252 147
252 158
252 215
253 14
253 21
253 25
253 46
253 50
253 53
253 72
253 84
253 96
253 98
253 100
253 101
253 102
253 105
253 116
253 132
253 137
253 147
253 152
253 184
253 191
253 231
253 238
253 290
254 6
254 12
254 24
254 34
254 38
254 51
254 54
254 80
254 86
254 96
254 97
254 98
254 99
254 100
254 101
254 102
254 103
254 131
254 133
254 138
254 148
254 244
254 252
254 272
255 16
255 22
255 24
255 26
255 27
255 30
255 33
255 34
255 36
255 51
255 79
255 98
255 108
255 112
255 114
255 120
255 121
255 123
255 125
255 135
255 139
255 140
255 142
255 144
256 0
256 17
256 27
256 36
256 42
256 49
256 56
256 58
256 67
256 71
256 86
256 96
256 97
256 98
256 101
256 102
256 120
256 125
256 129
256 136
256 139
256 144
256 174
256 244
257 0
257 7
257 8
257 12
257 19
257 25
257 27
257 42
257 43
257 44
257 45
257 59
257 68
257 80
257 82
257 86
257 87
257 93
257 103
257 108
257 117
257 118
257 138
257 143
258 2
258 6
258 8
258 13
258 24
258 29
258 47
258 62
258 64
258 78
258 122
258 124
258 151
258 175
258 188
258 189
258 192
258 201
258 215
258 230
258 235
258 247
258 266
258 269
259 4
259 9
259 10
259 35
259 39
259 49
259 57
259 61
259 90
259 92
259 96
259 97
259 98
259 100
259 120
259 130
259 133
259 137
259 141
259 142
259 234
259 242
259 245
259 298
260 0
260 3
260 4
260 8
260 9
260 10
260 27
260 32
260 38
260 46
260 57
260 62
260 71
260 74
260 75
260 92
260 117
260 118
260 119
260 120
260 121
260 126
260 134
260 148
261 0
261 4
261 9
261 32
261 40
261 48
261 49
261 57
261 71
261 75
261 90
261 92
261 96
261 99
261 101
261 119
261 120
261 130
261 134
261 137
261 142
261 143
261 149
261 290
262 77
262 78
262 79
262 87
262 90
262 91
262 97
262 98
262 99
262 102
262 104
262 105
262 115
262 117
262 118
262 119
262 131
262 133
262 134
262 137
262 138
262 142
262 144
262 147
263 43
263 47
263 55
263 67
263 68
263 81
263 92
263 104
263 135
263 136
263 140
263 141
263 146
263 156
263 171
263 195
263 196
263 229
263 232
263 250
263 277
263 279
263 285
263 291
264 0
264 21
264 38
264 40
264 56
264 61
264 71
264 72
264 81
264 86
264 97
264 98
264 100
264 103
264 115
264 116
264 119
264 120
264 123
264 125
264 136
264 139
264 140
264 144
265 0
265 4
265 19
265 36
265 48
265 49
265 63
265 75
265 78
265 80
265 90
265 91
265 92
265 96
265 99
265 100
265 101
265 103
265 107
265 109
265 120
265 133
265 143
265 239
266 0
266 23
266 27
266 49
266 58
266 78
266 86
266 88
266 96
266 98
266 99
266 100
266 101
266 112
266 115
266 117
266 120
266 121
266 125
266 138
266 144
266 148
266 158
266 294
267 0
267 1
267 25
267 74
267 96
267 97
267 99
267 100
267 101
267 102
267 103
267 110
267 115
267 122
267 123
267 125
267 129
267 139
267 144
267 163
267 194
267 241
267 266
267 271
268 2
268 3
268 12
268 15
268 29
268 45
268 46
268 49
268 50
268 71
268 78
268 85
268 103
268 104
268 105
268 115
268 118
268 120
268 123
268 138
268 139
268 142
268 145
268 260
269 0
269 13
269 25
269 55
269 58
269 63
269 70
269 71
269 73
269 74
269 85
269 87
269 95
269 102
269 103
269 107
269 123
269 130
269 132
269 136
269 138
269 142
269 144
269 189
270 0
270 77
270 78
270 82
270 83
270 86
270 87
270 89
270 95
270 96
270 99
270 101
270 103
270 104
270 106
270 110
270 129
270 136
270 137
270 141
270 149
270 254
270 292
270 297
271 0
271 19
271 23
271 27
271 44
271 56
271 58
271 64
271 67
271 71
271 80
271 85
271 86
271 93
271 97
271 100
271 101
271 102
271 125
271 129
271 131
271 144
271 145
271 237
272 14
272 65
272 82
272 90
272 104
272 105
272 113
272 117
272 122
272 130
272 133
272 135
272 146
272 206
272 212
272 214
272 219
272 229
272 243
272 247
272 257
272 258
272 264
272 296
273 4
273 9
273 19
273 32
273 35
273 36
273 46
273 49
273 58
273 61
273 68
273 75
273 99
273 102
273 119
273 120
273 125
273 133
273 134
273 137
273 143
273 287
273 290
273 291
274 0
274 6
274 34
274 36
274 42
274 51
274 64
274 69
274 71
274 80
274 81
274 83
274 97
274 98
274 99
274 100
274 102
274 119
274 121
274 131
274 133
274 138
274 140
274 173
275 0
275 1
275 5
275 16
275 24
275 26
275 29
275 30
275 31
275 76
275 88
275 92
275 103
275 114
275 115
275 118
275 122
275 129
275 134
275 136
275 138
275 144
275 146
275 279
276 0
276 1
276 77
276 78
276 80
276 87
276 90
276 91
276 94
276 100
276 103
276 104
276 108
276 109
276 110
276 111
276 113
276 118
276 123
276 127
276 134
276 149
276 156
276 171
277 2
277 6
277 7
277 22
277 24
277 52
277 62
277 80
277 82
277 93
277 166
277 172
277 186
277 188
277 196
277 205
277 208
277 235
277 248
277 255
277 265
277 266
277 293
277 296
278 4
278 9
278 19
278 32
278 35
278 40
278 49
278 63
278 82
278 92
278 94
278 95
278 100
278 110
278 111
278 112
278 113
278 115
278 129
278 133
278 136
278 140
278 142
278 147
279 9
279 10
279 19
279 32
279 36
279 39
279 40
279 58
279 61
279 63
279 68
279 90
279 97
279 98
279 99
279 100
279 118
279 120
279 126
279 133
279 134
279 143
279 149
279 234
280 4
280 10
280 14
280 36
280 44
280 46
280 48
280 63
280 75
280 79
280 97
280 98
280 99
280 101
280 102
280 105
280 107
280 109
280 132
280 137
280 143
280 145
280 191
280 280
281 0
281 22
281 32
281 77
281 79
281 80
281 82
281 84
281 93
281 95
281 96
281 97
281 111
281 118
281 122
281 124
281 126
281 130
281 131
281 138
281 144
281 146
281 147
281 148
282 4
282 9
282 10
282 36
282 39
282 57
282 63
282 75
282 90
282 91
282 97
282 98
282 99
282 100
282 101
282 112
282 118
282 120
282 130
282 137
282 141
282 142
282 163
282 213
283 1
283 10
283 14
283 24
283 30
283 32
283 35
283 38
283 39
283 46
283 48
283 57
283 58
283 88
283 90
283 96
283 99
283 126
283 133
283 134
283 139
283 147
283 149
283 176
284 10
284 20
284 37
284 48
284 58
284 68
284 69
284 72
284 116
284 118
284 123
284 130
284 140
284 144
284 150
284 162
284 180
284 185
284 191
284 226
284 236
284 247
284 278
284 282
285 5
285 7
285 25
285 71
285 77
285 81
285 82
285 88
285 95
285 96
285 102
285 103
285 110
285 121
285 122
285 124
285 126
285 132
285 134
285 136
285 137
285 143
285 146
285 235
286 0
286 4
286 15
286 81
286 94
286 96
286 97
286 98
286 99
286 101
286 102
286 108
286 143
286 144
286 145
286 147
286 148
286 167
286 183
286 199
286 200
286 225
286 244
286 258
287 0
287 27
287 49
287 58
287 67
287 71
287 78
287 86
287 91
287 92
287 97
287 100
287 101
287 102
287 103
287 107
287 112
287 114
287 120
287 138
287 139
287 144
287 145
287 253
288 0
288 10
288 32
288 35
288 36
288 40
288 61
288 74
288 75
288 91
288 97
288 99
288 100
288 102
288 118
288 120
288 126
288 133
288 134
288 137
288 141
288 142
288 232
288 279
289 21
289 25
289 27
289 36
289 38
289 44
289 48
289 50
289 58
289 64
289 67
289 78
289 80
289 96
289 98
289 115
289 119
289 124
289 125
289 137
289 139
289 144
289 282
289 294
